#Below are the Z levels for OM01, and OM025 (OM 1degree has the same vertical levels as OM025)

OM025(z) = [1.151750e+00, 3.648674e+00, 6.564919e+00, 9.970869e+00, 1.394871e+01,
       1.859438e+01, 2.401987e+01, 3.035588e+01, 3.775489e+01, 4.639470e+01,
       5.648257e+01, 6.825986e+01, 8.200741e+01, 9.805147e+01, 1.167703e+02,
       1.386016e+02, 1.640494e+02, 1.936921e+02, 2.281881e+02, 2.682812e+02,
       3.148002e+02, 3.686535e+02, 4.308139e+02, 5.022893e+02, 5.840771e+02,
       6.771003e+02, 7.821267e+02, 8.996818e+02, 1.029968e+03, 1.172813e+03,
       1.327662e+03, 1.493618e+03, 1.669533e+03, 1.854114e+03, 2.046034e+03,
       2.244025e+03, 2.446937e+03, 2.653770e+03, 2.863688e+03, 3.076005e+03,
       3.290172e+03, 3.505757e+03, 3.722423e+03, 3.939909e+03, 4.158017e+03,
       4.376593e+03, 4.595523e+03, 4.814719e+03, 5.034116e+03, 5.253663e+03]
       
      
OM01 (z) = [5.412808e-01, 1.680735e+00, 2.939953e+00, 4.331521e+00, 5.869350e+00,
       7.568810e+00, 9.446885e+00, 1.152234e+01, 1.381593e+01, 1.635055e+01,
       1.915154e+01, 2.224687e+01, 2.566746e+01, 2.944746e+01, 3.362460e+01,
       3.824057e+01, 4.334140e+01, 4.897796e+01, 5.520640e+01, 6.208874e+01,
       6.969342e+01, 7.809601e+01, 8.737988e+01, 9.763700e+01, 1.089687e+02,
       1.214869e+02, 1.353144e+02, 1.505868e+02, 1.674530e+02, 1.860765e+02,
       2.066365e+02, 2.293296e+02, 2.543701e+02, 2.819920e+02, 3.124492e+02,
       3.460166e+02, 3.829906e+02, 4.236883e+02, 4.684475e+02, 5.176242e+02,
       5.715899e+02, 6.307275e+02, 6.954248e+02, 7.660668e+02, 8.430255e+02,
       9.266482e+02, 1.017244e+03, 1.115068e+03, 1.220309e+03, 1.333076e+03,
       1.453384e+03, 1.581154e+03, 1.716205e+03, 1.858264e+03, 2.006975e+03,
       2.161913e+03, 2.322601e+03, 2.488533e+03, 2.659189e+03, 2.834054e+03,
       3.012631e+03, 3.194453e+03, 3.379089e+03, 3.566145e+03, 3.755274e+03,
       3.946166e+03, 4.138551e+03, 4.332197e+03, 4.526903e+03, 4.722497e+03,
       4.918835e+03, 5.115794e+03, 5.313270e+03, 5.511177e+03, 5.709443e+03]
